EVFold\gi1f8b2751c-4c78-47e0-8c1d-923073377511

Residue Number;Residue;EC count;cum. strength;EC strength;conser- vation
118;F;11;1.649;10.8;18
125;G;11;1.618;10.6;21
132;K;11;1.475;9.6;21
342;V;10;1.427;9.3;29
11;A;9;1.401;9.1;36
26;D;9;1.36;8.9;48
52;Q;7;1.26;8.2;84
40;G;8;1.255;8.2;87
201;V;8;1.252;8.2;92
12;A;9;1.25;8.2;29
277;K;7;1.212;7.9;96
81;I;6;1.202;7.8;33
42;G;9;1.184;7.7;71
106;Q;8;1.157;7.5;17
23;L;7;1.108;7.2;59
110;L;8;1.076;7.0;26
160;D;2;1.051;6.9;55
21;R;7;1.046;6.8;34
20;D;7;1.033;6.7;35
25;E;7;1.028;6.7;26
128;K;2;1.022;6.7;39
168;I;7;0.981;6.4;24
299;A;4;0.959;6.3;73
19;I;5;0.952;6.2;63
109;V;6;0.93;6.1;15
18;M;5;0.92;6.0;33
16;S;6;0.911;5.9;45
107;L;5;0.909;5.9;32
138;A;7;0.906;5.9;33
136;V;5;0.9;5.9;45
27;G;6;0.89;5.8;26
88;M;5;0.859;5.6;63
14;E;6;0.859;5.6;22
94;D;6;0.855;5.6;28
335;V;6;0.853;5.6;75
36;L;6;0.844;5.5;56
324;T;6;0.837;5.5;89
236;E;6;0.816;5.3;91
92;K;6;0.814;5.3;20
203;G;6;0.811;5.3;92
22;N;5;0.809;5.3;25
164;Q;6;0.808;5.3;22
208;R;5;0.808;5.3;92
122;E;6;0.804;5.2;50
105;R;6;0.802;5.2;27
84;I;4;0.802;5.2;49
50;V;6;0.801;5.2;38
345;K;5;0.795;5.2;28
100;R;4;0.784;5.1;30
96;G;4;0.778;5.1;22
53;M;6;0.775;5.1;73
99;A;5;0.764;5.0;19
127;I;3;0.762;5.0;52
13;V;5;0.753;4.9;19
77;T;4;0.749;4.9;29
129;R;4;0.741;4.8;26
135;G;5;0.739;4.8;71
159;L;3;0.719;4.7;53
111;A;5;0.7;4.6;20
112;G;5;0.696;4.5;21
245;E;5;0.69;4.5;85
24;R;5;0.689;4.5;22
43;E;5;0.689;4.5;76
234;L;5;0.689;4.5;82
320;Y;4;0.686;4.5;80
344;I;5;0.683;4.5;36
267;F;5;0.682;4.4;90
347;N;4;0.679;4.4;60
66;C;3;0.675;4.4;27
108;F;5;0.675;4.4;17
338;A;5;0.674;4.4;55
49;I;5;0.672;4.4;54
278;I;4;0.671;4.4;56
274;F;4;0.67;4.4;56
207;E;5;0.667;4.3;83
51;K;4;0.666;4.3;85
211;W;5;0.657;4.3;98
328;D;4;0.655;4.3;86
137;Q;4;0.647;4.2;64
198;M;4;0.645;4.2;62
319;I;3;0.644;4.2;51
153;A;4;0.642;4.2;29
298;E;4;0.64;4.2;23
45;G;3;0.637;4.2;87
124;A;3;0.635;4.1;27
230;Y;2;0.633;4.1;86
48;T;4;0.632;4.1;87
121;A;5;0.631;4.1;25
317;K;4;0.631;4.1;57
113;A;5;0.625;4.1;11
65;E;4;0.617;4.0;64
353;L;4;0.61;4.0;68
103;D;3;0.603;3.9;27
242;R;4;0.601;3.9;86
307;F;4;0.599;3.9;85
204;Q;4;0.597;3.9;86
163;A;3;0.594;3.9;29
46;K;3;0.588;3.8;82
300;A;3;0.588;3.8;23
352;G;4;0.585;3.8;44
334;F;4;0.582;3.8;43
311;N;3;0.579;3.8;56
47;S;4;0.578;3.8;83
269;N;4;0.575;3.7;96
41;A;4;0.574;3.7;50
126;V;4;0.573;3.7;42
141;N;4;0.573;3.7;23
326;A;4;0.57;3.7;87
205;R;4;0.569;3.7;87
133;D;4;0.568;3.7;92
166;N;4;0.567;3.7;45
281;S;3;0.565;3.7;56
341;D;3;0.561;3.7;72
101;A;3;0.56;3.7;21
283;L;2;0.555;3.6;66
200;D;4;0.555;3.6;92
340;T;4;0.542;3.5;28
89;G;4;0.539;3.5;23
215;F;4;0.539;3.5;96
28;E;4;0.535;3.5;15
220;A;3;0.529;3.5;49
218;V;3;0.526;3.4;87
15;R;3;0.523;3.4;34
351;C;3;0.514;3.4;27
72;V;4;0.511;3.3;34
91;L;4;0.508;3.3;69
44;S;4;0.508;3.3;84
17;K;3;0.501;3.3;28
336;F;3;0.496;3.2;72
73;V;3;0.496;3.2;50
304;Q;3;0.495;3.2;26
117;G;3;0.489;3.2;18
321;T;3;0.485;3.2;22
140;F;3;0.483;3.2;40
282;P;2;0.481;3.1;44
93;I;3;0.478;3.1;58
134;S;2;0.478;3.1;29
225;V;3;0.474;3.1;66
343;I;3;0.468;3.0;77
227;L;3;0.466;3.0;60
270;K;3;0.466;3.0;97
188;H;3;0.466;3.0;18
349;K;3;0.464;3.0;47
231;D;2;0.46;3.0;85
290;Y;3;0.459;3.0;67
322;H;3;0.458;3.0;83
54;K;3;0.454;3.0;49
171;Q;2;0.454;3.0;31
348;L;3;0.452;2.9;82
145;E;3;0.452;2.9;84
323;F;2;0.448;2.9;50
181;T;3;0.44;2.9;91
139;C;3;0.439;2.9;53
346;N;3;0.434;2.8;24
67;K;3;0.431;2.8;28
76;N;3;0.429;2.8;91
271;K;3;0.424;2.8;40
61;Y;3;0.423;2.8;43
102;D;3;0.422;2.8;19
306;Q;2;0.415;2.7;23
222;I;3;0.414;2.7;66
202;G;3;0.409;2.7;91
114;A;3;0.405;2.6;15
80;S;3;0.404;2.6;48
289;E;2;0.403;2.6;53
266;L;3;0.403;2.6;95
115;E;3;0.402;2.6;33
293;S;3;0.4;2.6;27
206;S;3;0.4;2.6;72
177;T;2;0.398;2.6;27
331;N;3;0.395;2.6;67
30;A;3;0.39;2.5;20
79;Q;3;0.386;2.5;36
32;R;3;0.383;2.5;34
264;I;2;0.379;2.5;51
146;Y;1;0.378;2.5;56
116;E;3;0.374;2.4;23
213;H;3;0.373;2.4;66
131;W;2;0.371;2.4;96
161;R;3;0.37;2.4;77
165;P;3;0.37;2.4;41
197;K;2;0.335;2.2;46
303;I;2;0.331;2.2;65
186;E;2;0.329;2.1;88
162;I;2;0.327;2.1;65
221;I;2;0.322;2.1;76
280;K;2;0.319;2.1;35
95;F;2;0.317;2.1;26
296;Y;2;0.315;2.1;30
55;I;2;0.314;2.0;69
251;D;2;0.313;2.0;33
229;D;2;0.31;2.0;43
224;C;2;0.308;2.0;38
254;C;2;0.303;2.0;42
275;E;2;0.297;1.9;48
310;L;2;0.294;1.9;47
332;V;2;0.288;1.9;53
64;E;2;0.285;1.9;50
68;Q;2;0.281;1.8;23
216;E;2;0.279;1.8;67
190;T;2;0.278;1.8;21
214;C;2;0.275;1.8;78
329;T;2;0.273;1.8;81
98;S;2;0.272;1.8;24
276;E;2;0.271;1.8;70
302;Y;2;0.271;1.8;56
196;F;2;0.27;1.8;65
63;E;2;0.27;1.8;27
149;N;2;0.265;1.7;32
285;I;2;0.264;1.7;24
170;T;2;0.263;1.7;61
350;D;2;0.263;1.7;26
174;V;1;0.262;1.7;45
325;C;2;0.262;1.7;59
97;D;2;0.261;1.7;28
74;Y;2;0.261;1.7;51
119;M;2;0.259;1.7;25
279;K;2;0.258;1.7;26
297;E;2;0.258;1.7;35
173;D;2;0.257;1.7;99
261;D;2;0.256;1.7;23
142;R;2;0.254;1.7;82
191;F;2;0.251;1.6;28
333;Q;2;0.248;1.6;37
327;T;2;0.248;1.6;65
59;A;2;0.248;1.6;20
178;R;2;0.245;1.6;91
78;I;2;0.245;1.6;29
308;E;1;0.243;1.6;23
259;F;2;0.243;1.6;80
130;L;1;0.24;1.6;88
147;Q;2;0.239;1.6;67
265;I;1;0.237;1.5;74
69;Y;2;0.237;1.5;35
62;S;2;0.236;1.5;48
39;L;2;0.236;1.5;78
226;A;2;0.235;1.5;70
337;D;2;0.234;1.5;29
315;D;2;0.234;1.5;16
90;R;2;0.233;1.5;26
256;N;2;0.229;1.5;42
85;I;1;0.229;1.5;33
294;N;1;0.216;1.4;36
189;F;1;0.208;1.4;92
210;K;1;0.2;1.3;88
156;L;1;0.191;1.2;73
195;H;1;0.18;1.2;19
263;S;1;0.155;1.0;77
291;A;1;0.148;1.0;23
86;R;1;0.146;1.0;31
183;G;1;0.146;1.0;96
151;S;1;0.144;0.9;68
273;L;1;0.141;0.9;69
260;T;1;0.141;0.9;17
318;E;1;0.139;0.9;32
182;T;1;0.139;0.9;63
228;S;1;0.139;0.9;92
152;A;1;0.138;0.9;70
309;D;1;0.137;0.9;28
258;W;1;0.137;0.9;59
199;F;1;0.136;0.9;52
312;K;1;0.135;0.9;27
240;M;1;0.134;0.9;29
60;G;1;0.134;0.9;72
148;L;1;0.133;0.9;88
143;S;1;0.132;0.9;34
232;L;1;0.132;0.9;59
123;L;1;0.13;0.8;32
330;K;1;0.13;0.8;30
268;L;1;0.129;0.8;94
71;A;1;0.128;0.8;21
167;Y;1;0.128;0.8;92
272;D;1;0.127;0.8;97
253;I;1;0.127;0.8;77
249;L;1;0.126;0.8;86
219;T;1;0.125;0.8;74
34;V;1;0.124;0.8;35
154;Y;1;0.123;0.8;91
33;E;1;0.123;0.8;34
305;C;1;0.122;0.8;16
150;D;1;0.122;0.8;80
262;T;1;0.122;0.8;54
209;K;1;0.121;0.8;50
180;K;1;0.121;0.8;42
313;R;1;0.121;0.8;17
37;L;1;0.121;0.8;80
292;G;1;0.121;0.8;76
301;A;1;0.12;0.8;16
246;S;1;0.12;0.8;76
75;S;1;0.12;0.8;34
104;A;1;0.119;0.8;41
144;R;1;0.118;0.8;42
29;K;1;0.118;0.8;17
38;L;1;0.117;0.8;80
244;H;1;0.117;0.8;26
169;P;1;0.117;0.8;97
158;D;1;0.117;0.8;33
295;T;1;0.117;0.8;35
286;C;1;0.116;0.8;47
247;M;1;0.116;0.8;53
70;K;1;0.116;0.8;32
185;V;1;0.116;0.8;27
155;Y;1;0.116;0.8;49
83;A;1;0.115;0.8;37
243;M;1;0.115;0.8;67
120;T;1;0.115;0.7;25
217;G;1;0.114;0.7;32
